%YAML:1.0
---
camera_matrix: !!opencv-matrix
   rows: 3
   cols: 3
   dt: d
   data: [ 926.63402733580722, 0., 489.45004751834642, 0.,
       925.65976252605094, 349.05311031761454, 0., 0., 1. ]
distortion_coeffs: !!opencv-matrix
   rows: 1
   cols: 5
   dt: d
   data: [ 0.030301515396472644, -0.51972600978626837,
       -0.0027505310199860359, -0.0011008625655167072,
       2.0334199987287653 ]
