%YAML:1.0
---
camera_matrix: !!opencv-matrix
   rows: 3
   cols: 3
   dt: d
   data: [ 926.63413752608119, 0., 489.45002958027129, 0.,
       925.65989306639881, 349.05311520707841, 0., 0., 1. ]
distortion_coeffs: !!opencv-matrix
   rows: 1
   cols: 5
   dt: d
   data: [ 0.030301412026551268, -0.51972200324390272,
       -0.0027505539741390556, -0.0011008571098900732,
       2.0333972404026319 ]
